Intercept: [0.07532935]
Coefficients: [[0.24335144 0.37209904 0.36420548 0.3327036  0.4823955 ]]